Year,"Foreign direct investment, net inflows (% of GDP)","Foreign direct investment, net outflows (% of GDP)"
1994,1.822493198,0.2413906113
1995,4.238837216,0.06044724794
1996,2.116802694,0.2281517898
1997,2.057079795,0.04422450171
1998,5.507252026,0.1865702975
1999,9.624832321,0.1371948184
2000,8.020953141,0.06864164589
2001,8.278685008,0.2416893886
2002,10.28547168,0.2559036782
2003,2.012502749,0.2070770422
2004,5.346298314,2.066769016
2005,10.00272913,1.530856725
2006,4.564883006,1.977349487
2007,7.269840533,2.55309454
2008,3.727340175,2.772762948
2009,2.547019253,1.604126307
2010,4.815029855,2.485865216
2011,1.809941553,0.689707294
2012,4.484243808,1.546170161
2013,3.453867264,3.632240951
2014,3.835101534,1.931725937
2015,0.8989134919,1.970384504
2016,5.475664214,1.584170255
2017,5.07066241,4.242697316
2018,3.303539983,2.412741286
2019,4.187057376,1.859971398
2020,3.391140662,0.8312293656
2021,4.430295246,3.967694098
2022,3.029375173,1.879369422
2023,3.464845707,2.4615591
2024,3.782606454,3.239827087
